         147          21          27           0         824         975
         147          21          27           1         646        1083
         147          21          27           2         535        1187
         147          20          26           0         865        1136
         147          20          26           1         786        1191
         147          19          25           0         751        1078
         147          19          25           1         701        1060
         147          19          25           2         451        1164
         147          18          24           0         594        1117
         147          18          24           1         678        1081
         147          18          24           2         686        1161
         147          17          23           0         613        1101
         147          17          23           1         749        1110
         147          17          23           2         642        1268
         147          16          22           0         649        1192
         147          16          22           1         706        1077
         147          16          22           2         723        1054
         147          15          21           0         640         991
         147          15          21           1         734        1068
         147          15          21           2         727        1003
         147          14          20           0         565        1101
         147          14          20           1         769        1024
         147          14          20           2         772        1076
         147          13          19           0         766        1028
         147          13          19           1         782        1085
         147          13          19           2         683        1206
         147          10          18           0         729        1064
         147          10          18           1         914        1174
         147          10          18           2         700         913
         147           9          17           0         342        1250
         147           9          17           1         357        1435
         147           9          17           2         314        1597
         147           8          16           0         326        1628
         147           8          16           1         275        1763
         147           8          16           2         335        1521
         147           7          15           0         292        1572
         147           6          14           0         608        1184
         147           6          14           1         480        1204
         147           6          14           2         378        1195
         147           5          13           0         435        1101
         147           5          13           1         459        1121
         147           4          12           0         549        1010
         147           4          12           1         526        1055
         147           4          12           2         377        1088
         147           3          11           0         708        1138
         147           3          11           1         602        1099
         147           3          11           2         550        1134
         147           2          10           0         532        1094
         147           2          10           1         537         999
         147           2          10           2         682        1313
         147          21           9           0         536        1034
         147          21           9           1         614        1020
         147          21           9           2         535        1079
         147          20           8           0         664        1259
         147          20           8           1         569        1134
         147          20           8           2         387        1054
         147          19           7           0         487        1213
         147          19           7           1         582        1081
         147          19           7           2         397        1187
         147          18           6           0         638        1159
         147          18           6           1         576        1006
         147          18           6           2         370        1049
         147          17           5           0         709        1079
         147          17           5           1         444        1121
         147          17           5           2         219        1126
         147          16           4           0         267        1504
         147          16           4           1         299        1668
         147          16           4           2         297        1891
         147          15           3           0         184        1430
         147          15           3           1         289        1680
         147          15           3           2         161        1695
         147          14           2           0         223        2331
         147          13           1           0         231        2335
         147          13           1           1         283        2561
         147          13           1           2         170        2392
         147          10           0           0         204        1604
         147          10           0           1         218        1811
         146           9          23           0         333        1749
         146           9          23           1         488        1574
         146           9          23           2         477        1348
         146           8          22           0         500        1443
         146           8          22           1         471        1219
         146           8          22           2         467        1291
         146           7          21           0         460        1409
         146           7          21           1         368        1145
         146           7          21           2         416        1367
         146           6          20           0         360        1355
         146           6          20           1         440        1215
         146           6          20           2         369        1248
         146           5          19           0         576        1114
         146           5          19           1         480        1325
         146           5          19           2         535        1635
         146           4          18           0         524        1203
         146           4          18           1         649        1263
         146           4          18           2         564        1360
         146           3          17           0         709        1269
         146           3          17           1         599        1392
         146           3          17           2         459        1658
         146           2          16           0         587        1327
         146           2          16           1         568        1569
         146           2          16           2         261        1766
         146          19          15           0         229        1792
         146          19          15           1         272        1853
         146          19          15           2         219        2123
         146          18          14           0         104        1995
         146          18          14           1         223        2034
         146          18          14           2         183        1982
         146          17          13           0         166        1965
         146          16          12           0         466        1485
         146          16          12           1         371        1609
         146          16          12           2         474        1697
         146          15          11           0         332        1842
         146          15          11           1         227        1909
         146          14          10           0         631        1130
         146          14          10           1         549        1113
         146          14          10           2         592        1089
         146          13           9           0         568        1039
         146          13           9           1         549        1028
         146          13           9           2         624        1183
         146          10           8           0         574        1423
         146          10           8           1         562        1277
         146          10           8           2         534        1255
         146           9           7           0         755        1309
         146           9           7           1         677        1211
         146           9           7           2         492        1086
         146           8           6           0         316        1133
         146           8           6           1         607         953
         146           8           6           2         657        1087
         146           7           5           0         465        1183
         146           7           5           1         480        1192
         146           7           5           2         623        1062
         146           6           4           0         618        1088
         146           6           4           1         603        1062
         146           6           4           2         598        1090
         146           5           3           0         678        1109
         146           5           3           1         590        1086
         146           5           3           2         603        1285
         146           4           2           0         491         824
         146           4           2           1         320        1160
         146           4           2           2         193        1458
         146           3           1           0         621        1523
         146           3           1           1         430        1511
         146           3           1           2         333        1591
         146           2           0           0         378        1169
