         147          21          27           0         819         981
         147          21          27           1         795        1008
         147          21          27           2         797        1012
         147          20          26           0         882        1129
         147          20          26           1         837        1089
         147          19          25           0         904        1068
         147          19          25           1         860        1031
         147          19          25           2         813         981
         147          18          24           0         797         974
         147          18          24           1         785         951
         147          18          24           2         839        1033
         147          17          23           0         785         960
         147          17          23           1         837         982
         147          17          23           2         790         997
         147          16          22           0         864        1010
         147          16          22           1         799         962
         147          16          22           2         763         944
         147          15          21           0         670         821
         147          15          21           1         808         976
         147          15          21           2         787         959
         147          14          20           0         787         970
         147          14          20           1         816         978
         147          14          20           2         815         995
         147          13          19           0         797         959
         147          13          19           1         816         987
         147          13          19           2         765         964
         147          10          18           0         765         963
         147          10          18           1         986        1152
         147          10          18           2         770         931
         147           9          17           0         744        1015
         147           9          17           1         791        1086
         147           9          17           2         772        1129
         147           8          16           0         798        1161
         147           8          16           1         608        1180
         147           8          16           2         693        1064
         147           7          15           0         651        1103
         147           6          14           0         828        1034
         147           6          14           1         827        1072
         147           6          14           2         737         995
         147           5          13           0         690         928
         147           5          13           1         740        1061
         147           4          12           0         775         928
         147           4          12           1         775         930
         147           4          12           2         707         861
         147           3          11           0         872        1028
         147           3          11           1         807         952
         147           3          11           2         703         867
         147           2          10           0         758         913
         147           2          10           1         705         857
         147           2          10           2         850        1030
         147          21           9           0         724         878
         147          21           9           1         760         915
         147          21           9           2         714         874
         147          20           8           0         848        1011
         147          20           8           1         738         926
         147          20           8           2         732         929
         147          19           7           0         861        1030
         147          19           7           1         838        1019
         147          19           7           2         740         944
         147          18           6           0         828         999
         147          18           6           1         788         977
         147          18           6           2         737         944
         147          17           5           0         818         971
         147          17           5           1         845        1010
         147          17           5           2         732         923
         147          16           4           0         779         912
         147          16           4           1         843        1005
         147          16           4           2         874        1063
         147          15           3           0         529         765
         147          15           3           1         771        1032
         147          15           3           2         487         892
         147          14           2           0         341        1245
         147          13           1           0         810         970
         147          13           1           1         821        1026
         147          13           1           2         775         989
         147          10           0           0         750         978
         147          10           0           1         783        1002
         146           9          23           0         823         984
         146           9          23           1         792         936
         146           9          23           2         780         923
         146           8          22           0         807         953
         146           8          22           1         743         883
         146           8          22           2         788         933
         146           7          21           0         824         976
         146           7          21           1         703         845
         146           7          21           2         806         957
         146           6          20           0         883        1048
         146           6          20           1         754         898
         146           6          20           2         720         876
         146           5          19           0         799         938
         146           5          19           1         760         911
         146           5          19           2         829         994
         146           4          18           0         806         953
         146           4          18           1         842         990
         146           4          18           2         838         992
         146           3          17           0         859        1010
         146           3          17           1         724         892
         146           3          17           2         797         958
         146           2          16           0         795         942
         146           2          16           1         759         913
         146           2          16           2         751         908
         146          19          15           0         787         986
         146          19          15           1         812        1013
         146          19          15           2         891        1142
         146          18          14           0         707         977
         146          18          14           1         737         996
         146          18          14           2         765        1024
         146          17          13           0         663        1022
         146          16          12           0         759         935
         146          16          12           1         733         908
         146          16          12           2         860        1052
         146          15          11           0         828        1005
         146          15          11           1         784         991
         146          14          10           0         854         995
         146          14          10           1         771         929
         146          14          10           2         773         936
         146          13           9           0         752         894
         146          13           9           1         697         829
         146          13           9           2         842         986
         146          10           8           0         929        1076
         146          10           8           1         847         993
         146          10           8           2         845        1000
         146           9           7           0         860        1024
         146           9           7           1         834         981
         146           9           7           2         741         922
         146           8           6           0         785         940
         146           8           6           1         758         919
         146           8           6           2         800         949
         146           7           5           0         796         956
         146           7           5           1         756         906
         146           7           5           2         809         951
         146           6           4           0         785         919
         146           6           4           1         764         900
         146           6           4           2         823         965
         146           5           3           0         797         943
         146           5           3           1         730         865
         146           5           3           2         839        1005
         146          11           2           0           0           0
         146          11           2           1           0           0
         146          11           2           2           0           0
         146           3           1           0         892        1045
         146           3           1           1         840        1004
         146           3           1           2         782         969
         146           2           0           0         717        1005
