         147          21          27           0         854         957
         147          21          27           1         825         949
         147          21          27           2         822         980
         147          20          26           0         887        1073
         147          20          26           1         854        1025
         147          19          25           0         894        1071
         147          19          25           1         859        1024
         147          19          25           2         811         966
         147          18          24           0         798         965
         147          18          24           1         770         923
         147          18          24           2         836        1003
         147          17          23           0         783         939
         147          17          23           1         827         981
         147          17          23           2         787         963
         147          16          22           0         890        1007
         147          16          22           1         813         950
         147          16          22           2         778         922
         147          15          21           0         680         817
         147          15          21           1         815         956
         147          15          21           2         804         942
         147          14          20           0         814         966
         147          14          20           1         844         965
         147          14          20           2         826         972
         147          13          19           0         818         955
         147          13          19           1         838         986
         147          13          19           2         792         931
         147          10          18           0         792         925
         147          10          18           1         980        1138
         147          10          18           2         790         911
         147           9          17           0         775         971
         147           9          17           1         839        1048
         147           9          17           2         838        1070
         147           8          16           0         814        1135
         147           8          16           1         637        1150
         147           8          16           2         688        1031
         147           7          15           0         628        1128
         147           6          14           0         856        1015
         147           6          14           1         871        1028
         147           6          14           2         772         963
         147           5          13           0         726         888
         147           5          13           1         807         975
         147           4          12           0         798         922
         147           4          12           1         786         920
         147           4          12           2         713         858
         147           3          11           0         887        1011
         147           3          11           1         819         943
         147           3          11           2         722         857
         147           2          10           0         771         899
         147           2          10           1         712         852
         147           2          10           2         879        1006
         147          21           9           0         723         868
         147          21           9           1         757         898
         147          21           9           2         735         881
         147          20           8           0         864        1005
         147          20           8           1         760         920
         147          20           8           2         751         897
         147          19           7           0         857        1004
         147          19           7           1         844         988
         147          19           7           2         759         921
         147          18           6           0         839         986
         147          18           6           1         808         949
         147          18           6           2         748         907
         147          17           5           0         837         969
         147          17           5           1         853         995
         147          17           5           2         747         889
         147          16           4           0         758         894
         147          16           4           1         844         986
         147          16           4           2         882        1039
         147          15           3           0         564         710
         147          15           3           1         822         974
         147          15           3           2         614         777
         147          14           2           0         666         988
         147          13           1           0         750        1051
         147          13           1           1         712        1158
         147          13           1           2         675        1118
         147          10           0           0         649        1080
         147          10           0           1         652        1103
         146           9          23           0         840         966
         146           9          23           1         806         939
         146           9          23           2         790         928
         146           8          22           0         839         959
         146           8          22           1         755         891
         146           8          22           2         804         942
         146           7          21           0         867         977
         146           7          21           1         745         851
         146           7          21           2         824         972
         146           6          20           0         872        1021
         146           6          20           1         763         883
         146           6          20           2         705         857
         146           5          19           0         805         928
         146           5          19           1         760         902
         146           5          19           2         814         978
         146           4          18           0         810         944
         146           4          18           1         847         980
         146           4          18           2         830         982
         146           3          17           0         872         997
         146           3          17           1         736         876
         146           3          17           2         790         950
         146           2          16           0         798         924
         146           2          16           1         781         906
         146           2          16           2         766         898
         146          19          15           0         778         997
         146          19          15           1         786        1021
         146          19          15           2         868        1166
         146          18          14           0         665         985
         146          18          14           1         658        1002
         146          18          14           2         702        1047
         146          17          13           0         624        1052
         146          16          12           0         761         953
         146          16          12           1         697         929
         146          16          12           2         831        1081
         146          15          11           0         796        1016
         146          15          11           1         712        1033
         146          14          10           0         861         995
         146          14          10           1         773         910
         146          14          10           2         784         917
         146          13           9           0         750         877
         146          13           9           1         691         825
         146          13           9           2         815         974
         146          10           8           0         937        1064
         146          10           8           1         850         983
         146          10           8           2         853         989
         146           9           7           0         869        1016
         146           9           7           1         836         978
         146           9           7           2         750         889
         146           8           6           0         769         927
         146           8           6           1         767         910
         146           8           6           2         784         938
         146           7           5           0         763         934
         146           7           5           1         747         902
         146           7           5           2         811         945
         146           6           4           0         771         908
         146           6           4           1         765         893
         146           6           4           2         810         959
         146           5           3           0         818         950
         146           5           3           1         739         868
         146           5           3           2         855         992
         146           4           2           0         645         791
         146           4           2           1         739         894
         146           4           2           2         674         836
         146           3           1           0         900        1044
         146           3           1           1         861         991
         146           3           1           2         798         954
         146           2           0           0         742         977
