         147          21          27           0         841         953
         147          21          27           1         821         954
         147          21          27           2         808         960
         147          20          26           0         879        1080
         147          20          26           1         824        1035
         147          19          25           0         907        1065
         147          19          25           1         860        1001
         147          19          25           2         810         953
         147          18          24           0         820         954
         147          18          24           1         794         926
         147          18          24           2         862         988
         147          17          23           0         804         917
         147          17          23           1         848         965
         147          17          23           2         797         962
         147          16          22           0         884         986
         147          16          22           1         823         922
         147          16          22           2         795         915
         147          15          21           0         698         790
         147          15          21           1         799         977
         147          15          21           2         813         927
         147          14          20           0         821         956
         147          14          20           1         846         962
         147          14          20           2         839         955
         147          13          19           0         834         929
         147          13          19           1         846         963
         147          13          19           2         797         904
         147          10          18           0         807         914
         147          10          18           1        1010        1115
         147          10          18           2         796         893
         147           9          17           0         761         942
         147           9          17           1         823        1017
         147           9          17           2         819        1057
         147           8          16           0         791        1159
         147           8          16           1         614        1202
         147           8          16           2         680        1053
         147           7          15           0         593        1108
         147           6          14           0         856        1011
         147           6          14           1         873        1044
         147           6          14           2         778         957
         147           5          13           0         735         874
         147           5          13           1         808         949
         147           4          12           0         813         896
         147           4          12           1         818         897
         147           4          12           2         740         829
         147           3          11           0         885        1007
         147           3          11           1         815         936
         147           3          11           2         710         856
         147           2          10           0         791         881
         147           2          10           1         743         836
         147           2          10           2         882         992
         147          21           9           0         745         843
         147          21           9           1         779         885
         147          21           9           2         751         847
         147          20           8           0         875         974
         147          20           8           1         792         890
         147          20           8           2         781         881
         147          19           7           0         884         983
         147          19           7           1         871         960
         147          19           7           2         789         899
         147          18           6           0         857         962
         147          18           6           1         832         926
         147          18           6           2         779         881
         147          17           5           0         834         962
         147          17           5           1         867         993
         147          17           5           2         776         870
         147          16           4           0         772         891
         147          16           4           1         854         961
         147          16           4           2         901        1009
         147          15           3           0         578         686
         147          15           3           1         816         975
         147          15           3           2         632         762
         147          14           2           0         629         978
         147          13           1           0         793         967
         147          13           1           1         812        1044
         147          13           1           2         751        1009
         147          10           0           0         764         982
         147          10           0           1         785        1017
         146           9          23           0         840         970
         146           9          23           1         813         923
         146           9          23           2         810         917
         146           8          22           0         838         943
         146           8          22           1         784         881
         146           8          22           2         829         927
         146           7          21           0         861         963
         146           7          21           1         747         837
         146           7          21           2         860         955
         146           6          20           0         900        1019
         146           6          20           1         778         881
         146           6          20           2         744         838
         146           5          19           0         817         911
         146           5          19           1         789         888
         146           5          19           2         854         970
         146           4          18           0         825         925
         146           4          18           1         862         957
         146           4          18           2         875         958
         146           3          17           0         886         981
         146           3          17           1         760         854
         146           3          17           2         815         929
         146           2          16           0         806         895
         146           2          16           1         791         893
         146           2          16           2         774         883
         146          19          15           0         817         947
         146          19          15           1         826         989
         146          19          15           2         939        1141
         146          18          14           0         727         946
         146          18          14           1         730         961
         146          18          14           2         772        1019
         146          17          13           0         661        1013
         146          16          12           0         797         921
         146          16          12           1         732         909
         146          16          12           2         872        1045
         146          15          11           0         833         983
         146          15          11           1         789         974
         146          14          10           0         885         970
         146          14          10           1         799         887
         146          14          10           2         813         902
         146          13           9           0         775         860
         146          13           9           1         710         801
         146          13           9           2         856         956
         146          10           8           0         933        1068
         146          10           8           1         871         985
         146          10           8           2         863         986
         146           9           7           0         907        1002
         146           9           7           1         864         966
         146           9           7           2         771         892
         146           8           6           0         774         919
         146           8           6           1         781         890
         146           8           6           2         831         929
         146           7           5           0         812         925
         146           7           5           1         760         889
         146           7           5           2         839         931
         146           6           4           0         806         891
         146           6           4           1         780         885
         146           6           4           2         845         946
         146           5           3           0         844         945
         146           5           3           1         765         851
         146           5           3           2         872         993
         146           4           2           0         665         779
         146           4           2           1         773         885
         146           4           2           2         682         830
         146           3           1           0         901        1039
         146           3           1           1         862         981
         146           3           1           2         807         942
         146           2           0           0         759         973
