         147          21          27           0         780        1107
         147          21          27           1         746        1122
         147          21          27           2         671        1243
         147          20          26           0         790        1186
         147          20          26           1         781        1156
         147          19          25           0         730        1367
         147          19          25           1         638        1277
         147          19          25           2         568        1240
         147          18          24           0         547        1235
         147          18          24           1         606        1129
         147          18          24           2         710        1123
         147          17          23           0         509        1125
         147          17          23           1         620        1140
         147          17          23           2         505        1147
         147          16          22           0         698        1107
         147          16          22           1         712        1027
         147          16          22           2         705        1018
         147          15          21           0         576         963
         147          15          21           1         690        1088
         147          15          21           2         681        1102
         147          14          20           0         653        1221
         147          14          20           1         723        1160
         147          14          20           2         746        1160
         147          13          19           0         723        1171
         147          13          19           1         728        1241
         147          13          19           2         602        1160
         147          10          18           0         638        1199
         147          10          18           1         859        1385
         147          10          18           2         640        1246
         147           9          17           0         318        1401
         147           9          17           1         302        1583
         147           9          17           2         293        1667
         147           8          16           0         248        1899
         147           8          16           1         269        1858
         147           8          16           2         209        1707
         147           7          15           0         184        1773
         147           6          14           0         689        1228
         147           6          14           1         707        1255
         147           6          14           2         586        1145
         147           5          13           0         652        1092
         147           5          13           1         669        1202
         147           4          12           0         742         990
         147           4          12           1         726         983
         147           4          12           2         608         914
         147           3          11           0         832        1052
         147           3          11           1         785         947
         147           3          11           2         689         879
         147           2          10           0         704         963
         147           2          10           1         689         871
         147           2          10           2         818        1024
         147          21           9           0         707         915
         147          21           9           1         749         892
         147          21           9           2         723         869
         147          20           8           0         845        1088
         147          20           8           1         748         946
         147          20           8           2         691         939
         147          19           7           0         772        1257
         147          19           7           1         836        1072
         147          19           7           2         676         967
         147          18           6           0         734        1116
         147          18           6           1         793         957
         147          18           6           2         618         986
         147          17           5           0         783        1070
         147          17           5           1         807        1045
         147          17           5           2         579        1065
         147          16           4           0         654         954
         147          16           4           1         787         999
         147          16           4           2         795        1135
         147          15           3           0         373         849
         147          15           3           1         632        1136
         147          15           3           2         377        1085
         147          14           2           0         260        1544
         147          13           1           0         285        1233
         147          13           1           1         297        1493
         147          13           1           2         193        1449
         147          10           0           0         199        1497
         147          10           0           1         219        1592
         146           9          23           0         407        1631
         146           9          23           1         440        1451
         146           9          23           2         407        1260
         146           8          22           0         545        1294
         146           8          22           1         470        1110
         146           8          22           2         496        1132
         146           7          21           0         645        1220
         146           7          21           1         508         994
         146           7          21           2         602        1136
         146           6          20           0         583        1368
         146           6          20           1         686        1004
         146           6          20           2         638        1010
         146           5          19           0         760        1048
         146           5          19           1         736        1003
         146           5          19           2         731        1123
         146           4          18           0         526        1143
         146           4          18           1         685        1035
         146           4          18           2         754        1014
         146           3          17           0         722        1141
         146           3          17           1         588         975
         146           3          17           2         595        1055
         146           2          16           0         714        1069
         146           2          16           1         658        1034
         146           2          16           2         544        1118
         146          19          15           0         388        1564
         146          19          15           1         366        1614
         146          19          15           2         298        1916
         146          18          14           0         178        1802
         146          18          14           1         259        1849
         146          18          14           2         228        1934
         146          17          13           0         172        2054
         146          16          12           0         458        1073
         146          16          12           1         338        1135
         146          16          12           2         384        1267
         146          15          11           0         477        1260
         146          15          11           1         252        1322
         146          14          10           0         642        1035
         146          14          10           1         624         995
         146          14          10           2         644        1040
         146          13           9           0         669         890
         146          13           9           1         604         866
         146          13           9           2         668        1056
         146          10           8           0         774        1121
         146          10           8           1         736        1081
         146          10           8           2         752        1180
         146           9           7           0         784        1161
         146           9           7           1         718        1073
         146           9           7           2         495        1174
         146           8           6           0         547        1028
         146           8           6           1         701         993
         146           8           6           2         625        1073
         146           7           5           0         660         945
         146           7           5           1         607         942
         146           7           5           2         722        1090
         146           6           4           0         612         965
         146           6           4           1         670        1037
         146           6           4           2         764        1159
         146           5           3           0         656        1231
         146           5           3           1         668        1104
         146           5           3           2         626        1232
         146           4           2           0         453         999
         146           4           2           1         662        1062
         146           4           2           2         421        1211
         146           3           1           0         412        1398
         146           3           1           1         389        1496
         146           3           1           2         366        1620
         146           2           0           0         302        2558
