         147          21          27           0         805         948
         147          21          27           1         802         950
         147          21          27           2         812         972
         147          20          26           0         891        1085
         147          20          26           1         862        1028
         147          19          25           0         902        1074
         147          19          25           1         849        1026
         147          19          25           2         794         962
         147          18          24           0         796         950
         147          18          24           1         766         922
         147          18          24           2         832        1012
         147          17          23           0         797         921
         147          17          23           1         834         968
         147          17          23           2         783         969
         147          16          22           0         854         987
         147          16          22           1         796         936
         147          16          22           2         759         921
         147          15          21           0         669         790
         147          15          21           1         802         969
         147          15          21           2         807         927
         147          14          20           0         768         956
         147          14          20           1         823         949
         147          14          20           2         831         964
         147          13          19           0         769         932
         147          13          19           1         814         958
         147          13          19           2         772         912
         147          10          18           0         802         913
         147          10          18           1         986        1120
         147          10          18           2         776         902
         147           9          17           0         786         955
         147           9          17           1         835        1027
         147           9          17           2         814        1053
         147           8          16           0         785        1147
         147           8          16           1         617        1155
         147           8          16           2         690        1054
         147           7          15           0         596        1129
         147           6          14           0         846        1022
         147           6          14           1         862        1025
         147           6          14           2         765         952
         147           5          13           0         742         871
         147           5          13           1         808         945
         147           4          12           0         787         896
         147           4          12           1         768         896
         147           4          12           2         717         832
         147           3          11           0         882         995
         147           3          11           1         820         937
         147           3          11           2         725         848
         147           2          10           0         767         886
         147           2          10           1         730         828
         147           2          10           2         881         993
         147          21           9           0         714         850
         147          21           9           1         764         887
         147          21           9           2         735         848
         147          20           8           0         855         985
         147          20           8           1         759         898
         147          20           8           2         746         888
         147          19           7           0         857         997
         147          19           7           1         853         965
         147          19           7           2         771         906
         147          18           6           0         845         972
         147          18           6           1         805         936
         147          18           6           2         758         902
         147          17           5           0         840         960
         147          17           5           1         874         983
         147          17           5           2         756         874
         147          16           4           0         759         887
         147          16           4           1         852         964
         147          16           4           2         891        1014
         147          15           3           0         568         690
         147          15           3           1         829         984
         147          15           3           2         635         748
         147          14           2           0         719         932
         147          13           1           0         813         956
         147          13           1           1         815        1027
         147          13           1           2         781         986
         147          10           0           0         793         968
         147          10           0           1         807        1014
         146           9          23           0         832         971
         146           9          23           1         802         940
         146           9          23           2         796         933
         146           8          22           0         829         973
         146           8          22           1         754         899
         146           8          22           2         799         941
         146           7          21           0         850         989
         146           7          21           1         723         854
         146           7          21           2         828         968
         146           6          20           0         894        1023
         146           6          20           1         750         881
         146           6          20           2         712         857
         146           5          19           0         804         948
         146           5          19           1         764         902
         146           5          19           2         823         989
         146           4          18           0         816         943
         146           4          18           1         862         984
         146           4          18           2         856         989
         146           3          17           0         871        1001
         146           3          17           1         727         874
         146           3          17           2         801         946
         146           2          16           0         789         940
         146           2          16           1         774         905
         146           2          16           2         736         894
         146          19          15           0         780         978
         146          19          15           1         806         995
         146          19          15           2         906        1159
         146          18          14           0         695         965
         146          18          14           1         716         990
         146          18          14           2         751        1067
         146          17          13           0         642        1001
         146          16          12           0         762         959
         146          16          12           1         691         927
         146          16          12           2         831        1083
         146          15          11           0         805        1022
         146          15          11           1         734        1025
         146          14          10           0         865         989
         146          14          10           1         776         908
         146          14          10           2         790         920
         146          13           9           0         758         882
         146          13           9           1         691         825
         146          13           9           2         816         973
         146          10           8           0         938        1063
         146          10           8           1         849         978
         146          10           8           2         851         985
         146           9           7           0         892        1025
         146           9           7           1         844         975
         146           9           7           2         746         895
         146           8           6           0         799         929
         146           8           6           1         768         904
         146           8           6           2         778         934
         146           7           5           0         809         946
         146           7           5           1         747         896
         146           7           5           2         813         955
         146           6           4           0         797         919
         146           6           4           1         772         901
         146           6           4           2         814         961
         146           5           3           0         797         951
         146           5           3           1         750         868
         146           5           3           2         856        1006
         146           4           2           0         650         797
         146           4           2           1         756         900
         146           4           2           2         673         834
         146           3           1           0         889        1057
         146           3           1           1         843        1005
         146           3           1           2         786         950
         146           2           0           0         757         999
