         147          21          27           0         780         973
         147          21          27           1         746         966
         147          21          27           2         735         982
         147          20          26           0         790        1080
         147          20          26           1         781        1052
         147          19          25           0         879        1071
         147          19          25           1         855        1007
         147          19          25           2         810        1007
         147          18          24           0         775         954
         147          18          24           1         755         926
         147          18          24           2         833         988
         147          17          23           0         753         934
         147          17          23           1         793         974
         147          17          23           2         787        1004
         147          16          22           0         845        1019
         147          16          22           1         772         950
         147          16          22           2         770         936
         147          15          21           0         643         813
         147          15          21           1         768         977
         147          15          21           2         756         944
         147          14          20           0         768         993
         147          14          20           1         778         966
         147          14          20           2         779         984
         147          13          19           0         771         952
         147          13          19           1         797         986
         147          13          19           2         747         945
         147          10          18           0         769         943
         147          10          18           1         956        1141
         147          10          18           2         756         914
         147           9          17           0         721         949
         147           9          17           1         770        1038
         147           9          17           2         737        1076
         147           8          16           0         738        1159
         147           8          16           1         563        1202
         147           8          16           2         609        1087
         147           7          15           0         507        1166
         147           6          14           0         828        1022
         147           6          14           1         844        1046
         147           6          14           2         767         963
         147           5          13           0         691         890
         147           5          13           1         749         991
         147           4          12           0         777         922
         147           4          12           1         771         924
         147           4          12           2         719         860
         147           3          11           0         832        1015
         147           3          11           1         785         946
         147           3          11           2         700         856
         147           2          10           0         743         901
         147           2          10           1         689         863
         147           2          10           2         863        1008
         147          21           9           0         707         869
         147          21           9           1         749         892
         147          21           9           2         723         869
         147          20           8           0         845        1000
         147          20           8           1         748         918
         147          20           8           2         740         900
         147          19           7           0         852        1016
         147          19           7           1         840         988
         147          19           7           2         757         918
         147          18           6           0         822         990
         147          18           6           1         793         957
         147          18           6           2         737         913
         147          17           5           0         822         972
         147          17           5           1         843         998
         147          17           5           2         746         903
         147          16           4           0         749         895
         147          16           4           1         830         990
         147          16           4           2         884        1029
         147          15           3           0         561         711
         147          15           3           1         816         975
         147          15           3           2         593         793
         147          14           2           0         621         985
         147          13           1           0         639        1033
         147          13           1           1         625        1089
         147          13           1           2         579        1050
         147          10           0           0         539        1122
         147          10           0           1         543        1140
         146           9          23           0         650        1101
         146           9          23           1         709        1041
         146           9          23           2         791         996
         146           8          22           0         754        1074
         146           8          22           1         752         975
         146           8          22           2         808        1001
         146           7          21           0         783        1083
         146           7          21           1         706         882
         146           7          21           2         838         975
         146           6          20           0         865        1140
         146           6          20           1         756         909
         146           6          20           2         735         862
         146           5          19           0         787         940
         146           5          19           1         736         908
         146           5          19           2         844         991
         146           4          18           0         773        1016
         146           4          18           1         820        1011
         146           4          18           2         835         994
         146           3          17           0         817        1084
         146           3          17           1         709         912
         146           3          17           2         777         990
         146           2          16           0         772         996
         146           2          16           1         758         934
         146           2          16           2         741         950
         146          19          15           0         764        1092
         146          19          15           1         747        1169
         146          19          15           2         792        1368
         146          18          14           0         608        1146
         146          18          14           1         563        1262
         146          18          14           2         568        1330
         146          17          13           0         308        1467
         146          16          12           0         762        1020
         146          16          12           1         685         996
         146          16          12           2         845        1104
         146          15          11           0         751        1113
         146          15          11           1         671        1082
         146          14          10           0         834         993
         146          14          10           1         755         913
         146          14          10           2         773         916
         146          13           9           0         718         890
         146          13           9           1         660         828
         146          13           9           2         834         975
         146          10           8           0         896        1074
         146          10           8           1         837         992
         146          10           8           2         835         999
         146           9           7           0         859        1016
         146           9           7           1         830         987
         146           9           7           2         716         910
         146           8           6           0         752         937
         146           8           6           1         762         916
         146           8           6           2         779         939
         146           7           5           0         758         945
         146           7           5           1         691         889
         146           7           5           2         796         953
         146           6           4           0         734         911
         146           6           4           1         737         894
         146           6           4           2         808         980
         146           5           3           0         791         962
         146           5           3           1         715         897
         146           5           3           2         837        1067
         146           4           2           0         621         806
         146           4           2           1         732         907
         146           4           2           2         628         995
         146           3           1           0         878        1157
         146           3           1           1         781        1121
         146           3           1           2         687        1168
         146           2           0           0         391        1426
